770
959
75
10
470
637
577
103
76
551
219
519
272
136
956
358
903
71
901
251
379
292
162
449
854
557
721
310
627
827
670
542
9
684
837
568
307
955
680
107
962
900
138
271
119
912
110
761
567
160
279
289
620
216
735
352
209
704
650
874
271
518
501
258
928
930
867
53
95
650
434
850
284
46
4
342
790
134
653
269
166
760
453
565
723
438
575
10
115
78
968
905
708
926
153
559
37
855
379
597
566
152
441
131
43
316
374
921
956
816
996
882
41
921
367
216
699
256
683
106
363
799
574
906
896
417
998
636
768
159
948
953
243
886
167
1000
820
831
182
903
423
26
184
755
947
341
802
954
422
822
686
885
753
831
255
274
164
807
719
111
392
894
40
880
482
228
205
837
941
472
359
313
841
815
893
234
229
25
676
198
409
337
286
886
72
991
792
286
360
657
522
410
696
864
550
340
962
29
119
899
994
268
183
595
986
272
40
112
611
445
354
747
806
322
447
621
524
119
395
922
591
195
261
46
726
447
2
533
948
826
552
704
737
963
760
755
687
202
373
442
72
972
681
943
339
639
322
680
869
128
738
922
308
520
317
683
419
335
413
714
303
568
131
197
431
681
963
389
694
767
925
179
631
583
309
416
562
854
1
312
294
216
441
805
594
622
671
330
477
453
453
692
219
524
485
813
923
983
816
754
174
675
87
291
528
680
649
635
344
96
839
975
770
241
689
318
231
826
204
151
26
48
251
487
626
871
787
75
467
425
908
645
590
200
736
714
394
507
410
250
152
672
705
6
915
769
882
789
907
110
798
436
225
181
824
981
713
531
476
52
571
256
940
869
125
468
137
821
476
684
544
573
610
325
973
774
913
454
628
835
737
914
517
437
851
929
562
457
919
163
762
883
487
461
266
770
254
861
653
284
785
797
534
497
642
245
282
451
80
731
293
241
279
344
328
915
554
83
142
155
237
393
711
157
724
220
66
425
418
339
556
478
426
64
212
853
431
399
927
789
599
969
713
21
878
902
784
590
390
489
7
966
361
306
772
400
874
914
977
856
430
552
766
753
560
820
618
920
226
500
225
280
447
498
30
399
345
685
696
818
415
742
170
861
479
942
131
638
547
28
929
404
607
578
679
28
86
659
439
139
888
473
187
52
267
389
336
217
466
335
346
780
901
389
285
771
975
852
432
259
855
84
482
20
768
553
54
975
359
230
666
71
800
981
668
42
773
32
973
254
205
860
21
637
157
245
130
485
686
118
578
971
224
477
717
263
786
378
172
621
622
987
766
736
118
797
839
168
988
319
111
593
27
952
320
590
694
930
982
385
407
965
733
204
78
607
708
851
643
249
105
714
792
309
871
701
615
825
124
816
580
802
43
356
546
439
678
380
71
519
664
350
13
870
431
843
502
109
444
984
371
651
913
849
471
725
157
446
181
752
535
989
667
277
631
828
942
552
794
496
477
447
846
749
607
275
331
873
252
851
958
89
286
903
462
250
769
476
584
625
685
389
345
30
507
872
333
187
500
218
364
817
265
349
287
902
611
719
902
283
570
11
530
971
196
88
248
738
417
501
569
777
247
708
488
662
729
503
459
812
18
96
302
227
415
709
250
314
680
596
378
485
567
544
353
436
764
564
339
361
720
465
278
314
258
237
124
739
198
324
123
761
549
974
781
707
190
197
222
757
496
284
742
604
779
538
612
290
103
853
199
304
233
370
184
310
15
726
547
130
281
47
998
56
567
300
715
967
130
654
890
771
503
106
894
13
588
292
481
491
452
349
189
989
53
259
964
883
490
117
842
67
411
504
76
591
645
703
55
156
153
831
577
972
312
88
255
122
572
783
427
621
611
810
634
232
795
536
390
462
931
454
305
881
603
440
313
583
636
62
625
984
758
102
971
782
213
641
217
271
677
84
161
246
178
566
77
161
3
419
462
706
609
482
299
34
238
296
724
290
720
881
465
73
704
240
947
271
807
811
641
604
678
824
957
203
436
118
558
231
664
153
931
273
847
146
74
62
170
812
315
610
767
845
583
944
296
450
128
480
706
312
717
413
966
279
513
553
506
449
83
613
41
911
443
753
331
619
257
27
94
235
985
691
857
882
590
602
974
22
784
689
842
276
591
42
782
775
180
482
532
668
453
939
285
186
600
447
651
834
504
993
94
482
357
419
342
329
687
108
879
165
338
422
711
508
296
679
968
411
834
779
564
38
466
91
323
259
332
119
994
792
414
886
527
845
2
674
891
556
474
424
56
193
531
371
638
775
511
641
453
779
53
209
274
563
135
950
295
449
902
716
497
125
30
997
646
624
819
246
727
163
319
565
15
566
418
96
231
862
935
117
473
970
121
664
853
158
511
956
734
299
522
723
280
426
855
495
484
250
468
565
149
393
196
944
614
521
765
901
140
885
72
283
792
809
875
425
349
957
807
520
274
841
3
290
744
306
858
602
594
676
502
887
153
458
552
496
354
341
566
782
557
387
467
956
330
891
194
715
245
586
393
240
877
795
421
45
326
763
485
723
936
831
391
396
680
812
841
668
156
508
988
38
130
515
989
605
340
891
103
896
866
451
103
539
933
468
16
740
148
420
892
671
994
159
77
481
801
993
272
347
639
710
408
666
83
873
337
873
691
880
547
390
978
325
642
736
909
778
500
894
555
37
633
71
241
647
701
944
295
233
765
93
445
101
779
649
721
894
103
455
171
711
307
926
30
48
333
816
58
301
368
384
442
150
251
544
422
580
699
812
185
175
180
81
625
892
392
635
700
247
510
935
598
147
238
473
654
261
471
262
683
10
921
824
477
923
295
694
560
162
76
453
968
354
602
307
655
986
435
707
257
468
866
310
204
394
874
495
110
243
391
586
368
589
303
717
303
23
850
675
406
282
9
580
886
703
797
763
997
51
933
621
764
509
853
926
925
294
795
819
236
622
822
361
225
652
195
636
257
695
774
739
786
676
698
859
141
644
100
926
643
662
41
317
808
452
35
594
374
750
135
93
932
303
335
766
426
180
206
136
806
553
898
995
375
544
514
936
280
851
169
264
936
845
967
494
991
826
303
765
892
347
824
118
480
987
78
145
773
990
232
881
693
742
691
407
991
867
824
571
375
93
810
405
15
271
550
127
466
378
689
767
689
269
599
391
843
654
963
381
111
692
240
483
26
635
906
966
575
336
938
625
227
664
65
651
844
476
932
718
310
665
419
120
144
47
969
39
312
505
119
100
241
909
551
139
398
465
380
687
973
761
714
969
554
430
602
761
745
159
907
425
671
102
854
502
631
418
962
975
287
34
707
380
223
455
456
974
242
876
372
102
703
377
558
924
661
368
63
408
283
195
992
126
972
869
844
466
94
679
218
658
655
612
995
22
52
806
342
250
129
806
579
211
71
850
784
568
213
601
222
833
891
239
337
793
152
808
923
611
3
284
880
149
134
554
257
818
179
113
677
888
27
135
16
367
809
808
244
603
332
17
179
272
54
130
760
432
539
117
764
66
488
460
797
371
526
608
112
463
516
227
969
630
45
745
803
931
888
675
534
309
470
659
988
32
63
491
868
412
437
703
111
503
730
932
455
76
921
83
330
623
152
68
130
282
640
649
600
562
730
333
391
612
544
302
465
518
620
441
102
813
719
118
874
671
667
899
788
565
739
887
221
441
463
910
234
424
348
848
465
409
426
748
98
321
438
321
682
262
384
977
157
704
946
486
69
94
852
88
96
443
99
763
757
382
832
134
570
62
601
980
576
576
338
687
126
421
363
895
682
964
769
434
889
938
739
53
992
295
615
320
361
107
592
520
218
159
673
494
230
868
111
359
866
570
377
118
781
286
588
232
827
440
866
575
998
786
839
637
629
692
659
571
27
624
952
674
850
711
274
30
185
280
720
781
317
944
348
360
7
186
891
147
580
674
411
72
146
759
649
996
32
94
765
544
221
386
430
465
350
162
379
320
739
333
796
965
582
611
87
905
54
160
162
773
633
51
691
84
279
454
678
435
498
622
453
425
280
221
774
525
117
354
441
114
291
695
695
608
499
540
684
316
47
226
405
614
57
8
210
309
969
217
786
141
783
262
297
336
123
8
510
765
441
180
133
390
546
721
236
513
573
854
685
826
363
74
407
883
760
44
447
20
471
944
80
883
321
590
440
588
415
727
656
428
297
118
415
22
990
333
176
821
971
633
472
852
707
942
371
91
448
865
109
250
447
604
411
537
81
406
892
318
764
348
227
342
798
173
79
523
649
117
544
523
199
928
795
358
360
745
982
839
661
835
152
242
106
150
263
203
178
617
157
779
778
672
78
182
975
792
644
506
476
773
578
779
594
460
698
947
904
579
659
651
640
331
885
995
643
324
155
451
70
481
453
647
311
816
282
606
58
361
520
76
318
473
463
39
59
378
852
294
79
661
885
876
93
630
609
520
394
474
595
568
978
811
757
918
43
461
931
830
586
668
193
330
620
488
514
155
981
64
462
106
831
921
858
352
732
87
517
662
177
41
254
725
449
450
537
536
625
163
373
382
940
290
397
419
794
347
696
613
54
809
647
663
343
68
338
97
572
695
396
291
259
742
873
673
988
929
618
895
154
342
84
597
680
145
939
359
318
991
672
716
679
402
133
610
726
961
87
318
573
386
659
811
337
833
131
687
720
849
970
757
702
935
540
96
662
687
434
521
371
19
372
317
185
974
220
350
971
785
498
197
232
141
159
80
303
865
808
104
520
790
553
856
757
905
540
39
678
345
898
785
633
135
612
386
158
167
186
852
710
790
640
829
925
170
739
449
45
421
374
693
737
244
993
455
626
292
771
767
803
460
240
547
245
317
989
829
804
481
926
856
199
377
695
970
585
452
473
788
289
797
392
515
541
429
990
166
837
205
821
620
142
894
257
54
657
493
896
381
568
957
106
729
867
529
872
128
292
86
782
165
280
461
928
526
151
851
448
94
970
933
228
837
462
906
358
953
28
425
55
406
515
383
242
396
84
384
230
29
327
954
102
860
732
666
344
811
150
141
40
294
940
850
484
713
852
143
778
723
481
460
631
6
928
82
20
263
221
856
154
562
963
745
624
541
434
114
795
296
244
309
125
49
245
430
655
813
638
469
65
114
857
927
512
612
549
17
648
528
589
248
736
148
299
440
2
630
362
247
585
427
192
681
685
88
537
999
370
70
977
539
558
520
806
520
568
21
400
895
482
45
651
397
383
260
766
17
366
808
70
354
247
751
673
644
107
791
596
753
775
341
137
46
361
560
347
834
659
180
851
798
702
476
713
491
647
187
831
139
65
734
795
967
469
38
301
207
45
811
205
908
43
324
956
318
528
408
835
557
485
260
38
772
663
196
293
366
883
800
49
887
672
340
280
128
819
377
448
911
410
762
451
917
980
396
348
998
192
509
709
510
377
947
817
532
274
821
85
745
435
81
441
617
843
185
559
301
329
106
82
336
677
303
314
457
618
735
437
171
707
455
360
458
44
745
891
934
362
630
446
282
655
811
971
59
77
688
653
416
373
526
821
768
696
164
976
32
147
870
623
695
801
449
36
130
69
242
798
661
376
371
393
973
581
34
620
158
696
461
972
380
381
455
782
79
588
141
543
376
408
322
666
286
256
984
117
27
754
191
512
531
397
936
576
121
269
794
267
721
457
220
627
293
711
939
503
205
126
139
874
76
463
177
921
731
456
90
830
699
991
866
328
684
356
727
67
564
556
298
913
308
872
162
729
727
950
718
654
179
813
371
521
230
125
206
812
143
243
810
506
27
370
568
587
378
479
823
565
133
627
906
89
68
317
408
735
737
491
539
421
788
420
844
589
76
129
996
325
658
76
461
478
697
530
353
132
900
849
799
565
656
602
187
787
990
133
444
515
933
890
57
852
128
531
157
312
169
166
331
958
727
231
355
971
964
532
917
291
867
81
257
202
651
980
565
282
129
641
311
630
547
96
515
657
173
607
965
595
158
176
675
640
738
924
620
346
863
947
578
43
846
885
30
84
47
972
657
790
591
272
667
216
786
586
427
633
655
32
510
911
643
559
297
658
980
310
495
251
825
827
702
416
305
465
75
706
62
162
451
426
496
476
209
349
622
148
321
883
736
327
752
882
354
999
409
134
779
380
528
576
109
327
248
478
126
274
461
254
145
100
52
298
969
394
885
631
429
255
986
887
924
164
834
336
957
592
739
321
195
782
164
511
528
479
511
901
316
510
24
93
968
403
518
469
990
247
221
598
362
50
52
289
507
612
904
864
670
689
482
293
550
9
868
111
442
138
904
271
745
375
783
413
375
47
411
53
584
576
200
372
567
296
76
396
517
462
783
564
287
846
639
697
626
122
132
999
100
404
383
814
348
572
962
375
774
148
204
617
522
412
513
42
47
40
141
731
342
824
486
532
468
153
621
915
528
144
336
954
628
327
167
403
632
758
863
307
608
345
520
849
522
546
502
726
577
307
487
836
18
378
340
690
113
427
598
316
816
921
743
894
705
645
28
612
486
272
991
672
802
996
795
593
592
234
739
53
598
492
175
537
645
739
635
794
862
390
152
842
698
249
33
587
971
718
113
196
20
452
322
429
156
423
708
209
421
514
794
627
943
483
894
869
754
745
64
723
142
532
213
575
333
679
490
539
386
322
980
178
471
935
546
351
560
363
693
791
889
739
698
659
823
710
271
625
496
197
981
253
286
572
306
231
965
997
305
790
296
722
213
707
722
501
325
492
358
574
957
957
815
739
281
295
125
588
693
557
389
918
405
839
354
978
792
824
150
298
44
295
979
732
81
355
947
453
672
263
766
491
220
207
848
552
278
956
576
713
279
141
112
631
759
601
246
249
52
686
927
544
232
654
239
54
103
424
339
735
484
103
698
790
141
6
988
564
952
162
417
669
958
902
900
488
489
667
205
775
988
295
329
293
662
61
930
788
92
668
588
238
548
757
741
871
960
39
936
944
180
428
904
858
181
957
942
38
857
407
807
508
191
960
767
986
894
949
297
898
39
10
306
582
618
110
951
344
292
466
657
557
537
506
911
962
138
872
517
480
280
198
829
116
339
167
749
470
664
264
736
191
15
755
346
810
303
582
691
776
198
180
626
877
655
919
416
847
438
528
336
89
411
686
98
190
144
489
332
959
255
7
268
393
242
458
772
274
977
338
310
597
741
587
12
268
670
369
710
242
64
684
122
477
315
164
416
703
515
946
917
910
721
789
319
707
121
655
939
964
303
377
630
227
225
981
137
490
157
466
766
621
383
426
719
563
935
483
776
551
822
681
846
224
781
254
697
773
611
895
807
84
539
458
541
721
371
80
940
578
115
64
849
561
925
518
208
587
550
154
169
336
875
533
453
120
697
211
735
598
501
94
921
523
457
829
57
465
136
526
426
468
578
60
573
474
689
827
316
741
23
406
261
837
4
764
224
593
75
47
434
353
718
66
555
62
958
916
71
957
484
33
294
419
185
788
139
785
657
747
662
987
431
384
913
392
460
891
940
929
387
385
83
700
988
678
896
553
137
670
881
357
122
183
551
403
542
131
746
229
855
4
775
24
306
475
690
737
558
435
545
389
844
236
254
472
355
159
283
194
960
897
743
784
116
33
829
677
430
630
785
959
905
911
17
247
212
69
104
609
35
458
613
689
721
894
50
251
759
46
412
450
240
553
223
773
885
795
58
144
516
297
240
836
939
750
590
327
592
613
792
689
839
329
243
310
898
147
677
534
227
424
308
282
63
571
972
606
901
753
934
180
642
696
438
570
508
49
996
353
965
659
688
391
805
538
327
714
427
419
153
308
386
189
773
551
485
247
870
231
308
879
725
148
826
475
937
60
576
423
992
427
571
543
138
398
249
262
209
339
663
81
945
461
868
380
95
549
742
850
196
53
275
387
690
620
618
41
895
75
193
824
780
602
742
688
573
223
491
214
891
929
341
311
980
931
16
217
960
195
986
760
121
765
773
491
937
249
713
619
721
210
407
938
246
566
330
795
290
390
478
547
665
368
316
268
369
526
904
510
478
101
823
740
481
780
860
328
937
209
380
321
424
47
577
885
227
760
150
17
268
567
958
599
594
738
428
303
157
201
338
236
389
584
854
252
512
564
671
967
702
346
264
782
842
501
990
741
658
758
503
472
173
751
815
361
174
144
738
560
501
189
939
911
556
658
981
61
537
35
860
868
77
968
838
685
50
783
7
423
141
863
646
237
70
725
155
10
224
518
467
383
62
633
654
683
957
632
935
495
676
500
17
7
545
565
422
13
18
543
740
282
549
294
18
515
833
715
691
441
826
963
932
184
110
941
99
537
153
247
197
635
540
259
835
363
274
815
407
81
383
983
416
471
579
250
714
232
308
701
848
869
83
670
879
666
778
33
96
416
389
387
566
488
58
653
10
720
176
85
512
866
445
661
804
340
580
879
998
98
917
541
942
44
236
217
923
889
709
909
581
487
278
48
947
77
701
948
288
921
557
578
674
34
184
952
871
323
17
985
213
602
148
771
841
730
841
408
952
79
307
167
578
247
581
855
870
399
694
919
554
340
394
774
758
144
810
706
742
81
513
764
998
355
55
101
448
238
859
78
349
620
788
629
978
610
407
993
793
335
31
650
280
803
462
503
234
365
567
964
385
443
191
697
600
677
390
88
791
634
303
818
253
731
76
85
275
158
390
729
803
650
158
758
399
325
370
110
94
6
966
316
456
369
780
277
105
136
90
192
442
460
571
569
525
418
106
27
92
363
568
96
612
613
804
333
885
395
13
299
424
398
798
87
743
923
573
927
249
586
534
174
702
390
174
143
276
309
275
505
150
65
172
446
283
432
307
496
802
79
370
258
967
253
739
641
508
609
632
201
469
110
139
312
7
972
406
341
862
636
390
824
883
338
451
343
441
836
844
881
667
998
609
140
308
329
618
971
712
206
491
322
182
988
408
992
327
299
753
712
649
503
991
590
801
249
334
386
288
837
805
403
374
117
955
578
205
607
559
185
699
787
564
28
976
745
473
966
726
215
449
817
299
852
710
71
839
869
815
815
419
690
512
143
649
311
248
259
675
158
733
434
809
387
76
460
613
491
597
411
548
519
946
943
891
709
429
557
38
810
992
369
719
917
832
550
609
654
937
88
112
788
255
674
681
364
171
663
628
46
577
661
694
663
410
991
771
340
989
816
441
109
11
101
265
228
523
765
532
572
595
705
590
227
457
384
401
475
791
696
603
708
513
155
354
26
495
108
303
426
943
985
88
119
852
964
748
146
357
320
352
467
804
212
534
495
357
488
100
449
740
714
464
327
69
308
46
830
728
118
24
870
352
664
112
694
820
169
953
759
250
529
179
566
164
339
574
437
982
474
238
817
415
645
189
191
656
674
443
406
30
756
629
905
203
461
607
440
399
5
722
220
211
286
771
721
829
816
65
592
105
819
893
550
192
375
334
202
469
117
269
687
884
502
541
990
655
321
612
398
626
402
602
117
357
361
866
469
633
177
834
690
723
820
305
941
630
605
87
689
138
321
121
245
313
120
188
383
711
145
524
398
429
611
142
589
393
434
191
499
651
551
711
942
661
954
178
569
171
502
296
144
192
323
863
462
635
55
887
368
975
10
497
140
200
835
394
987
576
518
669
507
419
702
504
426
728
861
455
501
172
85
579
32
815
780
226
300
34
282
231
551
296
173
800
469
580
761
792
785
508
563
524
116
587
117
275
794
557
844
376
556
843
775
43
779
737
452
560
224
436
105
754
850
670
770
254
305
896
34
461
270
357
883
837
90
450
887
121
795
832
243
215
831
756
603
706
360
882
728
625
648
439
170
631
143
804
212
834
212
825
61
584
360
546
288
612
552
173
332
721
300
297
587
274
976
879
527
922
696
835
98
139
986
769
805
422
941
61
284
888
672
130
719
887
136
256
150
729
330
849
254
780
864
693
403
502
146
592
648
276
643
425
385
463
78
649
814
902
788
96
413
528
768
285
712
959
899
378
466
974
500
336
596
3
890
793
868
751
96
749
996
470
651
681
715
367
871
65
815
548
408
224
992
440
845
217
507
275
331
849
291
346
561
592
134
580
873
497
808
352
916
699
781
50
48
102
642
803
857
471
17
128
952
879
162
452
468
1
982
439
208
706
932
136
904
666
310
163
896
956
898
281
96
671
370
257
85
381
681
926
665
170
54
406
641
313
744
717
774
240
440
672
94
721
98
2
219
489
80
136
608
232
532
697
456
10
9
713
352
837
124
881
433
711
136
490
73
235
393
92
749
826
105
106
321
377
903
307
141
392
793
833
772
896
137
657
694
147
71
544
577
9
625
666
169
451
360
740
219
644
767
156
942
422
631
704
454
881
223
89
919
103
144
771
127
604
748
394
360
987
440
323
811
144
254
284
661
87
255
567
616
615
739
623
292
798
964
708
28
869
868
675
897
309
211
531
622
522
194
766
402
303
662
56
803
920
813
978
246
507
396
116
247
512
654
609
73
541
911
13
370
957
325
136
397
882
860
583
431
375
560
700
177
782
483
978
789
75
18
602
70
15
269
221
41
945
62
972
809
408
519
294
644
730
514
786
426
434
719
412
85
656
550
551
631
157
285
86
318
81
524
944
209
998
828
160
550
335
401
601
650
782
855
666
698
659
68
318
716
448
748
977
867
245
60
251
89
947
445
119
465
627
624
57
317
683
760
674
759
180
123
13
725
141
719
12
168
509
976
356
536
530
802
843
739
266
171
381
130
768
800
895
276
751
908
121
790
922
31
344
827
440
279
537
66
270
730
999
591
643
79
509
467
524
369
57
512
880
581
171
377
162
262
792
106
916
588
691
741
119
234
759
522
3
46
880
884
13
251
48
484
373
393
943
154
184
954
984
879
37
567
823
936
732
759
672
430
230
330
255
427
938
738
328
278
846
80
586
382
123
515
690
924
54
184
229
824
529
48
977
411
71
899
477
887
290
793
866
319
336
89
567
468
9
378
206
299
578
804
312
758
638
249
476
378
606
996
506
792
795
201
751
923
560
779
816
252
155
7
955
420
25
239
555
355
652
860
711
899
10
974
344
2
778
674
386
870
756
745
315
107
211
543
244
430
504
985
62
996
146
729
287
96
45
944
238
919
866
533
423
718
918
382
470
998
766
87
595
98
518
137
653
840
404
77
607
582
64
446
679
988
134
243
299
268
872
323
949
821
403
718
852
754
335
326
464
279
240
77
967
208
140
799
789
599
112
160
109
169
461
478
322
417
124
549
367
988
789
213
463
316
475
272
873
123
93
162
827
703
312
847
722
714
618
42
221
856
878
336
152
94
729
255
992
365
406
526
51
694
307
267
840
179
32
975
415
876
464
570
767
564
256
97
474
105
824
813
144
125
13
64
851
800
228
134
203
844
411
382
703
646
961
661
87
597
601
266
940
833
77
23
67
203
925
662
455
829
132
95
927
868
850
829
340
126
44
965
473
52
173
947
588
444
842
742
405
509
31
392
700
437
177
363
220
931
192
282
287
457
905
153
36
629
635
632
252
663
303
511
422
904
564
491
63
90
287
393
141
430
205
659
906
817
539
256
646
822
557
814
20
392
801
731
368
492
558
801
497
353
935
580
515
330
398
277
185
27
327
612
225
31
918
831
798
288
60
829
484
543
367
786
599
239
998
164
103
254
673
247
273
547
836
811
940
755
58
783
971
225
590
867
817
398
364
958
860
866
178
181
243
607
326
826
756
715
368
936
606
29
721
718
361
971
582
578
146
577
972
193
857
830
903
994
505
556
317
180
503
39
93
58
239
617
225
21
540
490
1
340
940
629
207
826
134
349
735
182
941
822
865
890
332
61
23
152
601
722
940
146
793
114
867
539
882
374
984
75
383
722
965
679
406
601
104
345
310
331
140
1000
162
750
972
448
811
655
984
499
665
325
179
725
992
576
711
911
952
629
806
366
229
682
604
835
180
388
315
752
706
302
131
182
747
2
972
719
972
587
401
872
790
989
582
34
187
617
326
944
829
991
627
227
655
580
107
960
509
145
340
764
80
244
356
328
172
652
907
987
91
842
726
687
655
747
908
344
458
12
272
215
256
710
70
359
263
806
111
738
2
50
396
449
751
430
993
171
906
424
505
903
388
360
560
385
104
849
491
808
885
592
667
777
704
231
167
463
76
819
867
35
302
21
327
268
975
108
76
351
175
910
385
165
750
77
561
965
920
96
347
609
629
915
495
722
32
442
966
670
169
622
912
445
161
55
104
340
211
998
195
420
714
568
740
948
748
554
272
677
289
305
244
99
51
403
586
563
861
503
158
56
370
4
438
90
302
844
678
641
615
492
205
100
27
212
175
654
299
84
485
865
119
316
804
408
483
501
917
677
272
94
658
558
397
190
380
907
391
379
192
457
46
270
451
477
270
232
858
276
578
64
155
771
714
684
100
88
685
353
828
555
424
995
775
604
233
567
63
861
397
839
536
429
989
549
704
888
959
487
587
903
242
488
307
81
405
925
875
732
36
515
585
923
530
820
586
694
636
151
124
973
776
460
178
972
172
996
217
828
198
130
44
434
81
700
446
207
843
643
152
855
610
265
328
933
745
937
827
69
90
398
570
407
566
334
878
283
533
470
940
895
13
806
718
639
602
536
801
430
116
425
154
152
581
603
597
777
988
963
103
948
109
577
799
104
805
293
889
549
902
353
899
421
271
393
671
498
586
624
485
39
177
283
413
148
634
624
698
711
412
40
406
911
901
340
708
244
51
764
487
943
276
919
382
21
346
838
813
311
319
288
864
504
879
713
702
101
996
890
234
138
308
998
762
454
793
846
329
276
747
427
620
662
92
193
453
217
936
844
417
759
497
778
529
889
383
841
58
528
811
163
68
319
727
519
414
139
800
872
537
901
583
30
178
198
897
853
206
858
60
256
34
468
52
941
370
722
204
281
378
844
476
518
407
651
946
127
698
32
248
382
501
609
457
182
984
892
486
601
565
359
353
168
858
916
265
767
851
706
93
292
29
396
51
167
875
586
799
989
220
878
227
663
231
694
212
276
668
420
526
21
886
800
991
786
699
10
486
934
136
663
178
616
821
9
230
259
623
825
966
313
730
991
727
659
282
434
917
386
873
358
471
259
224
478
310
694
534
845
639
407
599
105
8
524
679
990
864
860
384
575
663
609
624
290
306
701
111
494
66
345
284
656
333
883
284
268
672
729
976
914
668
306
193
154
530
784
247
922
59
825
878
822
830
615
414
677
328
698
144
739
27
672
510
303
266
929
429
415
398
755
37
598
726
586
836
195
352
744
731
228
703
548
654
804
488
929
964
688
368
520
308
866
175
861
674
898
572
186
301
100
483
132
759
265
743
828
573
782
935
188
970
697
922
344
671
92
228
364
229
763
893
315
431
808
909
340
381
267
600
302
475
872
121
482
55
888
650
598
595
967
636
73
484
911
200
513
123
889
698
391
543
306
424
56
892
875
155
141
206
351
420
584
915
929
469
147
324
884
733
185
798
83
500
341
647
182
321
650
60
5
463
281
215
780
793
173
591
783
163
502
805
782
799
91
133
630
445
649
440
414
440
989
489
393
5
39
547
205
749
383
973
15
914
330
776
854
544
196
19
693
5
642
752
255
232
711
899
353
320
133
106
393
516
603
314
172
67
844
47
306
972
298
467
746
533
611
537
346
445
910
704
138
351
924
502
368
769
193
169
971
929
941
832
414
20
234
230
745
135
217
752
23
604
517
174
127
376
729
667
812
39
385
898
656
262
790
548
639
50
609
50
678
111
670
857
21
50
707
119
427
455
390
127
561
259
486
719
157
211
712
703
646
10
309
431
678
104
679
533
277
638
621
718
141
429
851
921
108
524
737
633
121
290
117
804
109
510
204
624
205
797
270
852
536
997
207
367
721
420
303
165
41
562
509
933
213
705
956
493
339
241
3
14
688
92
929
114
856
588
686
506
153
973
93
799
524
77
741
741
104
927
263
660
237
468
304
271
476
52
103
833
179
896
41
873
298
369
821
694
321
437
757
119
98
872
777
912
47
10
873
142
680
663
175
337
367
916
449
979
637
275
900
751
96
382
835
351
188
117
411
410
986
468
279
856
395
707
872
490
820
432
665
908
817
171
116
136
713
744
61
966
865
164
107
427
934
605
495
822
583
695
449
186
626
389
798
368
627
30
884
701
902
859
745
997
914
134
495
943
500
116
909
422
452
48
65
268
671
322
13
722
890
695
538
786
762
591
742
579
230
979
686
895
347
532
536
705
718
634
98
444
678
745
255
494
355
680
693
657
395
153
860
847
572
914
628
56
12
659
957
161
518
870
481
873
508
891
170
77
770
504
329
247
339
994
285
52
520
229
564
659
388
413
837
241
81
471
455
821
587
459
91
878
511
458
324
122
510
764
670
19
106
414
423
37
571
563
1
846
94
811
619
987
634
653
312
912
521
576
212
671
688
468
974
350
373
846
56
837
229
865
466
340
574
786
635
615
485
734
673
373
734
464
117
100
778
675
228
3
350
364
850
649
988
820
299
561
535
383
719
109
47
919
169
505
144
842
735
761
739
420
110
261
626
201
193
124
953
873
403
221
469
845
801
196
734
347
111
776
425
48
949
649
858
689
603
127
791
914
462
469
675
604
980
517
138
987
511
5
544
754
50
567
958
444
859
600
495
947
521
800
944
933
182
709
593
178
749
835
132
107
397
674
615
621
904
330
517
903
394
429
624
938
710
781
255
281
408
987
352
994
302
464
825
137
142
423
617
717
908
767
525
307
864
719
561
882
322
729
755
958
567
648
223
206
215
640
732
298
704
354
944
689
136
728
666
999
982
183
516
556
711
653
331
728
119
780
361
576
492
597
585
966
684
728
428
691
766
916
862
547
293
899
868
433
828
14
536
110
26
391
149
55
687
58
205
274
769
805
165
294
700
257
150
860
64
708
804
303
209
772
555
34
368
834
464
105
631
889
692
758
576
886
230
761
663
575
399
244
524
804
816
818
713
295
710
681
49
949
391
397
427
980
808
1000
702
321
990
566
56
14
762
258
208
636
890
800
882
892
454
850
231
934
649
722
727
664
377
774
603
560
757
618
202
795
743
988
199
302
460
182
700
77
192
986
178
753
527
123
387
42
439
286
570
271
134
165
599
867
262
6
339
478
727
960
159
41
158
951
331
612
53
793
955
641
631
864
678
309
503
809
587
564
367
75
803
725
326
539
226
980
189
534
70
806
518
164
426
557
550
414
95
358
227
905
219
680
340
340
370
301
224
974
771
634
544
487
575
844
771
665
10
118
685
355
457
247
927
658
629
941
637
250
982
41
699
907
329
391
938
816
968
117
396
263
554
742
290
26
934
530
842
789
384
527
823
521
457
499
45
304
920
668
198
329
527
85
971
99
172
995
980
792
551
547
8
642
68
216
687
645
793
219
886
702
435
856
107
211
551
849
720
900
1000
760
794
446
663
837
963
74
765
703
158
25
471
735
340
39
90
76
56
183
814
258
572
73
589
842
234
933
265
418
398
462
646
415
444
324
18
399
690
122
548
7
657
738
634
65
775
764
600
47
718
869
75
367
951
515
109
297
806
703
309
622
89
289
784
949
449
391
405
842
677
32
486
161
547
226
140
765
401
816
817
870
559
303
984
650
148
306
694
909
937
989
815
888
747
664
383
981
973
12
567
896
569
145
127
43
6
587
611
404
551
561
970
88
313
216
767
760
926
744
353
217
423
928
662
872
525
146
165
189
227
632
855
259
199
118
186
688
819
581
873
56
872
770
955
563
473
661
563
75
298
688
69
257
101
203
744
595
499
975
339
366
132
688
672
241
103
292
635
72
922
199
326
498
462
337
632
676
314
711
599
157
580
581
374
828
324
982
439
173
5
321
253
805
227
730
758
657
447
284
861
369
138
696
751
340
899
492
474
457
368
794
313
499
565
112
180
662
622
84
862
288
880
847
144
913
552
202
270
752
908
642
79
745
78
914
20
870
520
647
32
833
596
593
415
788
605
218
929
38
565
267
557
916
553
484
670
794
153
375
402
229
913
791
604
751
878
298
138
476
514
523
93
407
373
515
11
679
245
869
988
826
629
701
170
776
527
144
457
164
184
580
972
580
676
894
991
150
754
750
496
962
368
42
225
780
500
238
65
271
379
240
44
685
212
531
930
811
370
398
481
940
466
903
48
41
665
332
106
721
992
534
649
850
281
855
760
270
593
558
584
179
386
670
388
375
602
670
920
856
80
530
258
386
997
930
229
529
416
362
837
889
354
499
812
494
909
619
7
514
904
143
451
170
236
79
527
659
288
217
154
192
162
371
617
735
837
122
677
236
425
831
339
738
117
494
692
491
491
216
605
166
663
854
421
23
250
45
131
588
607
165
138
645
525
41
913
587
151
58
171
265
945
185
530
982
416
614
993
578
653
20
900
737
746
678
842
291
970
88
222
460
622
483
889
494
175
225
851
421
616
147
814
597
841
786
187
639
676
524
271
172
742
703
351
945
465
611
605
71
236
388
395
136
112
17
208
536
881
932
517
701
430
847
154
621
99
182
488
924
630
615
40
899
803
545
516
771
121
96
494
676
134
924
618
553
848
2
919
961
794
695
665
442
535
431
380
896
45
715
543
440
235
961
822
494
809
788
391
359
604
824
760
930
780
858
714
590
101
436
138
261
489
785
239
932
880
86
291
613
898
557
419
264
194
6
727
762
809
8
592
536
121
533
8
385
671
211
705
824
324
419
371
110
159
437
668
600
260
268
876
549
434
579
375
627
283
697
407
774
209
424
566
803
571
495
184
380
573
569
496
260
315
592
353
793
723
408
754
142
876
885
676
122
766
236
458
802
717
973
166
103
220
521
411
805
347
821
564
629
714
701
724
54
165
399
988
652
6
824
94
844
149
483
949
615
446
91
66
270
228
380
82
624
39
742
394
954
411
629
672
534
294
729
987
612
59
969
793
840
180
656
507
450
11
207
871
673
954
824
531
293
200
35
803
614
523
529
716
238
630
174
691
37
369
245
671
1
1000
162
89
283
799
410
362
686
405
416
601
206
531
16
755
721
71
942
93
563
292
744
850
573
937
597
357
356
987
836
284
232
621
987
200
466
953
414
589
5
268
180
417
519
110
573
75
516
302
349
970
120
823
526
980
264
898
551
833
813
589
257
711
454
990
387
577
496
789
250
776
348
985
795
470
698
472
919
601
883
29
494
120
265
70
392
649
808
226
694
719
236
820
324
423
979
362
529
549
10
718
853
270
255
295
96
409
690
767
841
351
78
568
954
183
488
322
363
224
916
588
276
188
970
765
700
953
932
195
511
755
205
241
754
248
894
272
212
235
208
855
256
857
634
365
160
798
110
123
943
81
693
979
680
505
629
7
783
878
555
981
44
869
494
381
636
323
505
920
903
919
589
890
282
503
188
783
938
524
287
408
228
769
591
132
56
539
819
434
490
963
554
34
515
356
404
882
703
795
179
469
1000
124
716
531
472
324
706
9
13
691
216
389
595
104
334
371
628
883
266
192
562
270
243
276
483
982
628
352
375
189
511
435
216
430
718
771
382
374
875
411
287
462
185
586
135
590
703
235
834
103
739
277
824
242
569
443
877
391
201
150
820
983
757
154
485
826
10
181
432
512
138
915
870
646
530
547
738
324
805
499
308
257
576
880
582
49
408
102
708
168
62
221
834
261
488
860
645
99
461
763
343
267
370
369
574
571
955
830
264
353
21
422
125
360
889
696
987
621
204
591
590
666
665
552
179
800
292
364
333
690
523
500
794
755
458
911
81
391
629
294
475
647
980
149
890
172
656
828
951
346
432
647
628
586
415
870
929
74
82
166
352
234
322
325
669
299
728
274
620
661
405
278
909
456
800
884
962
372
766
602
534
989
462
424
172
189
875
24
129
746
241
678
258
964
762
718
768
82
216
171
407
106
98
66
960
900
485
562
56
27
790
407
537
784
86
107
269
633
160
87
671
954
907
400
317
235
254
756
291
454
642
130
135
540
859
175
30
36
680
366
882
938
334
885
488
479
999
892
554
958
279
562
456
139
993
972
715
553
182
606
612
468
647
767
652
899
578
446
537
656
655
547
318
931
356
494
553
233
825
92
453
316
375
423
267
160
311
11
1
536
835
777
869
140
353
294
481
548
9
705
945
504
970
774
489
307
10
785
441
818
300
612
237
816
8
562
383
194
422
904
575
448
405
256
168
733
755
662
400
849
388
226
270
82
433
641
246
530
783
820
932
628
827
711
702
279
292
665
761
545
829
276
423
193
874
71
187
140
297
114
653
467
633
464
279
718
638
504
193
329
20
156
51
993
548
23
191
996
105
289
276
129
733
449
745
9
239
93
155
16
506
223
351
431
320
805
819
511
381
475
714
811
33
339
83
864
769
975
150
58
273
795
402
74
557
482
186
197
918
862
257
837
391
849
13
125
998
787
732
255
395
790
999
454
254
756
35
204
472
753
790
97
534
682
214
485
399
698
985
320
959
331
163
645
746
44
763
960
563
534
126
260
493
654
306
204
370
909
54
885
683
224
997
116
242
649
445
333
16
172
814
283
599
123
406
809
249
10
993
44
596
803
708
487
705
611
159
381
790
92
255
162
512
94
703
634
347
954
993
778
641
62
62
365
661
158
719
550
811
110
129
500
239
325
572
808
661
775
356
825
914
450
751
198
22
706
387
367
742
138
257
921
41
497
724
449
573
302
556
714
502
195
581
192
557
357
332
750
480
282
889
852
614
937
882
568
165
71
544
159
461
303
840
270
555
376
465
1
795
654
519
389
752
190
905
20
635
878
373
795
636
245
329
739
65
675
991
552
839
397
195
537
700
510
785
565
158
628
290
331
420
657
330
114
99
536
675
69
45
856
961
133
183
895
33
207
110
498
197
102
33
585
658
857
398
674
502
539
639
719
605
263
51
376
227
621
736
73
14
953
944
214
672
504
951
912
853
82
480
821
655
63
370
572
762
961
912
426
842
378
814
726
60
844
632
273
542
42
752
73
855
312
80
968
222
984
532
100
104
743
237
545
395
195
198
539
673
255
584
641
971
184
572
768
572
426
765
109
785
654
591
367
691
470
720
682
438
905
107
171
812
185
564
412
517
346
674
162
547
615
454
956
361
925
323
564
333
866
381
423
783
649
441
846
744
332
624
247
577
559
220
385
785
564
949
763
261
369
985
464
459
983
407
1
744
36
292
611
17
531
139
912
310
7
308
228
220
877
323
23
791
842
966
707
843
283
942
567
524
570
585
949
586
159
97
39
472
365
160
142
272
376
911
597
256
239
263
831
308
95
585
410
583
940
223
752
80
741
333
812
495
178
500
846
921
707
720
591
840
930
98
610
658
308
39
749
828
591
391
81
799
58
944
790
343
357
901
837
445
427
953
889
124
891
789
233
766
669
870
617
951
12
650
797
648
392
56
313
537
43
327
553
579
154
335
515
715
227
157
52
690
750
403
995
457
771
610
590
517
93
228
443
297
806
404
152
136
345
85
488
586
764
51
562
409
269
88
409
514
445
793
715
134
781
139
493
573
203
500
405
668
586
201
575
631
754
537
253
249
74
273
796
441
332
702
947
590
92
116
688
424
434
375
357
196
329
353
609
672
25
789
313
174
359
632
842
823
453
639
150
452
46
947
838
240
205
702
383
160
776
746
874
88
116
758
56
249
972
636
949
152
890
853
840
295
15
352
711
824
114
313
461
483
24
340
215
758
551
217
209
560
536
769
265
562
495
638
748
145
712
716
685
19
386
597
928
680
540
45
262
175
62
291
206
809
714
633
278
55
477
671
968
9
69
398
677
278
679
873
935
676
369
886
111
20
300
889
905
665
396
237
390
521
727
102
926
324
497
888
612
545
91
191
204
513
990
469
575
949
730
23
41
254
945
543
313
342
502
403
763
161
19
356
701
361
364
641
310
242
514
283
832
64
641
264
900
397
912
835
31
967
569
972
287
231
156
350
919
403
673
141
90
748
392
534
984
695
628
894
641
703
233
428
247
587
157
437
994
320
932
620
338
460
556
135
212
669
142
595
555
701
820
208
884
142
317
706
723
921
537
932
139
441
931
1000
789
149
672
956
579
940
162
326
70
571
546
972
737
122
189
326
860
901
150
745
31
784
327
902
997
424
985
422
311
454
764
957
842
916
653
956
757
281
156
798
193
110
135
190
27
781
627
632
274
621
581
628
237
611
238
237
704
27
368
82
705
799
489
138
515
867
620
481
730
666
383
189
873
397
504
486
141
168
198
232
34
419
783
993
16
948
277
974
423
228
761
688
208
776
210
68
182
950
978
450
888
632
502
705
333
888
469
909
253
438
415
795
43
623
753
845
390
738
321
404
627
962
761
586
609
550
538
657
897
722
806
40
534
112
463
468
847
899
44
899
252
532
551
406
753
41
572
397
529
784
646
986
51
195
299
451
408
906
312
793
848
293
473
171
433
302
628
942
56
707
530
926
146
475
850
662
463
93
740
513
116
185
798
600
961
916
713
560
139
403
424
332
462
26
184
465
605
919
730
918
207
904
466
93
257
332
709
665
929
729
816
168
736
751
127
94
117
724
461
650
372
88
537
725
394
745
811
999
524
627
973
164
388
564
390
45
787
175
935
344
580
893
676
884
154
167
890
149
184
788
730
53
430
316
317
748
788
985
457
296
642
186
121
921
135
984
208
4
638
784
260
13
470
510
876
511
557
827
6
623
904
506
244
223
603
676
488
465
420
453
82
616
615
7
251
904
561
285
635
644
571
840
846
213
51
190
152
57
669
358
38
149
875
34
684
592
859
618
306
340
943
90
51
112
427
183
166
689
292
626
677
709
717
610
587
807
576
182
990
467
768
593
369
954
37
96
787
307
331
378
920
389
840
70
777
438
864
564
67
300
483
138
125
712
881
282
338
540
424
538
215
713
215
627
60
112
586
748
645
542
90
496
742
706
620
957
808
724
295
438
624
869
325
266
539
589
639
363
950
133
630
577
509
533
747
648
510
505
828
185
905
625
239
726
298
199
2
122
25
477
641
816
121
756
869
213
819
631
425
424
47
342
359
574
826
653
218
12
656
207
707
289
261
810
70
316
308
519
564
332
786
7
117
703
342
350
406
742
583
631
984
30
853
180
199
339
854
347
945
689
491
939
486
817
37
662
140
494
160
643
472
914
886
550
918
344
474
803
834
424
951
761
58
856
534
307
579
743
695
324
569
549
20
214
592
702
340
819
939
910
815
363
68
993
153
288
861
32
348
385
642
548
863
170
585
621
399
192
610
120
886
802
770
316
723
879
323
727
33
279
424
89
509
899
244
381
463
850
974
310
222
538
310
180
115
384
804
39
797
207
936
95
455
519
26
819
495
927
513
158
195
349
946
496
751
895
537
318
795
336
147
788
893
101
842
961
529
693
136
211
742
38
471
397
731
886
535
119
5
319
955
46
704
869
609
893
90
342
479
911
48
106
534
785
675
764
320
24
592
777
320
655
914
215
329
206
198
294
284
546
327
792
452
688
121
280
153
162
281
118
16
982
638
574
527
105
212
556
359
563
327
278
145
966
722
824
291
588
251
176
73
319
628
914
347
554
455
52
134
30
483
925
692
52
109
393
56
89
437
402
184
722
611
913
607
645
857
707
717
457
632
365
320
341
838
203
731
777
687
829
547
81
998
945
774
783
477
582
135
96
833
822
942
716
480
100
467
318
701
660
728
785
477
482
238
971
230
148
882
918
632
265
935
373
402
188
717
940
682
339
808
882
904
333
465
500
31
67
487
116
360
491
473
867
175
290
787
357
619
589
131
521
106
416
838
732
816
110
334
570
666
73
812
310
546
473
411
605
424
245
636
250
562
163
998
494
394
68
349
214
834
711
606
442
804
446
581
807
351
558
711
242
178
679
686
80
758
954
729
588
857
499
118
607
611
475
334
569
100
842
456
181
316
979
416
72
613
112
702
834
611
790
840
389
336
507
661
677
63
93
223
837
143
909
595
925
774
652
830
1
776
151
677
153
464
545
299
400
631
592
458
201
211
698
899
325
307
584
814
936
696
312
941
966
960
446
736
938
353
92
597
9
627
523
414
868
131
873
302
64
379
923
563
992
55
1
721
574
841
368
113
882
289
887
32
241
443
720
605
404
641
326
729
392
416
391
446
559
217
679
178
487
143
193
569
394
864
947
369
861
428
158
296
894
687
129
138
12
74
664
17
148
739
907
499
674
448
999
140
87
141
658
826
426
881
467
916
808
713
619
953
436
639
185
466
522
435
566
840
461
394
364
232
191
435
620
8
592
511
868
749
243
730
514
276
421
949
560
591
376
35
39
582
495
722
378
116
595
494
985
708
82
146
748
749
540
880
769
798
287
477
530
81
536
912
625
91
252
484
646
760
680
984
685
80
701
649
553
818
594
320
628
55
926
352
548
798
12
481
465
525
928
481
588
752
340
432
362
984
818
302
297
172
37
712
946
612
768
312
745
804
578
267
63
645
485
593
174
587
53
673
299
829
756
640
28
294
497
85
130
518
79
872
803
285
259
136
631
288
282
879
264
15
760
115
619
179
932
606
757
155
675
458
379
828
180
268
802
718
242
497
186
819
541
883
34
352
87
991
149
